//Don't use it unless ECs are ezpz 4u
//50%+ BH and a TT Gen Glyph are recommended
//You can use this script until Cel7
wait total TT>330
studies nowait purchase 11,21,22,31,32,33,41,42,51,61,62,73,83,93,103,111,123,133,143,151,161,162,171,181,191,192,193,201,211,212,213,214,224,222,232,228,226,234,72,82,92,102,71,81,91,101|0

start ec10
wait pending completions>=5
eternity

studies nowait purchase 11,21,22,31,32,33,41,42,51,61,62,73,83,93,103,111,123,133,143,151,161,162,171,181,191,192,193,201,211,212,213,214,224,222,232,228,226,234,72,82,92,102,71,81,91,101|0
wait total TT>12900
studies nowait purchase 11,21,22,31,32,33,41,42,51,61,62,73,83,93,103,111,123,133,143,151,161,162,171,181,191,192,193,201,211,212,213,214,224,222,232,228,226,234,72,82,92,102,71,81,91,101|0
unlock dilation
start dilation
pause 0.1s
eternity

studies nowait purchase 11,21,22,31,32,33,41,42,51,61,62,73,83,93,103,111,123,133,143,151,161,162,171,181,191,192,193,201,211,212,213,214,224,222,232,228,226,234,72,82,92,102,71,81,91,101|0 
start ec1
wait pending completions>=5
eternity

studies nowait purchase 11,21,22,31,32,33,41,42,51,61,62,73,83,93,103,111,123,133,143,151,161,162,171,181,191,192,193,201,211,212,213,214,224,222,232,228,226,234,72,82,92,102,71,81,91,101|0 
start ec2
wait pending completions>=5
eternity

studies nowait purchase 11,21,22,31,32,33,41,42,51,61,62,73,83,93,103,111,123,133,143,151,161,162,171,181,191,192,193,201,211,212,213,214,224,222,232,228,226,234,72,82,92,102,71,81,91,101|0
start ec3
wait pending completions>=5
eternity

studies nowait purchase 11,21,22,31,32,33,41,42,51,61,62,73,83,93,103,111,123,133,143,151,161,162,171,181,191,192,193,201,211,212,213,214,224,222,232,228,226,234,72,82,92,102,71,81,91,101|0
start ec4
wait pending completions>=5
eternity

studies nowait purchase 11,21,22,31,32,33,41,42,51,61,62,73,83,93,103,111,123,133,143,151,161,162,171,181,191,192,193,201,211,212,213,214,224,222,232,228,226,234,72,82,92,102,71,81,91,101|0
start ec5
wait pending completions>=5
eternity

studies nowait purchase 11,22,21,31,32,33,42,41,51,61,62,73,83,93,103,72,82,92,102,71,81,91,101,111,121,131,141,151,161,162,171,181,191,192,193,201,211,212,213,214,222,224,232,226,228,234|6 
start ec6
wait pending completions>=5
eternity

studies nowait purchase 11,21,22,31,32,33,41,42,51,61,62,73,83,93,103,111,123,133,143,151,161,162,171,181,191,192,193,201,211,212,213,214,224,222,232,228,226,234,72,82,92,102,71,81,91,101|0
start ec7
wait pending completions>=5
eternity

studies nowait purchase 11,21,22,31,32,33,41,42,51,61,62,73,83,93,103,111,123,133,143,151,161,162,171,181,191,192,193,201,211,212,213,214,224,222,232,228,226,234,72,82,92,102,71,81,91,101|0  
start ec8
wait pending completions>=5
eternity

studies nowait purchase 11,21,22,31,32,33,41,42,51,61,62,73,83,93,103,111,123,133,143,151,161,162,171,181,191,192,193,201,211,212,213,214,224,222,232,228,226,234,72,82,92,102,71,81,91,101|0 
start ec9
wait pending completions>=5
eternity

studies nowait purchase 11,21,22,31,32,33,41,42,51,61,62,73,83,93,103,111,123,133,143,151,161,162,171,181,191,192,193,201,211,212,213,214,224,222,232,228,226,234,72,82,92,102,71,81,91,101|0 
start ec11
wait pending completions>=5
eternity

studies nowait purchase 11,21,22,31,32,33,41,42,51,61,62,73,83,93,103,111,123,133,143,151,161,162,171,181,191,192,193,201,211,212,213,214,224,222,232,228,226,234,72,82,92,102,71,81,91,101|0 
start ec12
wait pending completions>=5
eternity

studies nowait purchase 11,21,22,31,32,33,41,42,51,61,62,73,83,93,103,111,123,133,143,151,161,162,171,181,191,192,193,201,211,212,213,214,224,222,232,228,226,234,72,82,92,102,71,81,91,101|0

//Space Theorem
//studies nowait purchase 121,131,141,122,132,142
//studies nowait purchase 221,223,225,227,231,233
//Triad Studies
//studies nowait purchase 301,302,303,304
start dilation
pause 0.5s
eternity

//Modify and (un)comment following 2 lines 4 glyph/RM farm
//wait pending RM>=3e999
wait pending Glyph level>=98440
reality
